dp[i] [ -1 -1 -1 -1 -1 -1 -1 ]
dp[i] [ -1 -1 -1 -1 -1 -1 -1 ]
dp[i] [ -1 -1 -1 -1 -1 -1 -1 ]
dp[i] [ -1 -1 -1 -1 -1 -1 -1 ]
dp[i] [ -1 -1 -1 -1 -1 -1 -1 ]
dp[i] [ -1 -1 -1 -1 -1 -1 -1 ]
dp[i] [ -1 -1 -1 -1 -1 -1 1 ]
maze[i] [ 0 0 1 0 0 1 0 ]
maze[i] [ 1 0 1 1 0 0 0 ]
maze[i] [ 0 0 0 0 1 0 1 ]
maze[i] [ 1 0 1 0 0 0 0 ]
maze[i] [ 1 0 1 1 0 1 0 ]
maze[i] [ 1 0 0 0 0 1 0 ]
maze[i] [ 1 1 1 1 0 0 0 ]
visited[i] [ 0 0 0 0 0 0 0 ]
visited[i] [ 0 0 0 0 0 0 0 ]
visited[i] [ 0 0 0 0 0 0 0 ]
visited[i] [ 0 0 0 0 0 0 0 ]
visited[i] [ 0 0 0 0 0 0 0 ]
visited[i] [ 0 0 0 0 0 0 0 ]
visited[i] [ 0 0 0 0 0 0 0 ]
